2 0.805399 0.545150 0.061118 0.079047
2 0.942456 0.558154 0.058891 0.081410
2 0.518622 0.486939 0.057764 0.058868
2 0.089248 0.508000 0.052343 0.077530
2 0.233157 0.697443 0.090650 0.138042
2 0.403778 0.428471 0.049670 0.061235
2 0.630865 0.400174 0.033477 0.043557
2 0.379295 0.548669 0.058110 0.083480
2 0.868523 0.561141 0.064456 0.108537
2 0.658095 0.547125 0.046657 0.063453
2 0.231354 0.399647 0.046055 0.058892
2 0.755689 0.400660 0.042107 0.049107
2 0.138829 0.640850 0.077276 0.109315
2 0.356078 0.695492 0.093103 0.132115
2 0.679702 0.522402 0.047037 0.076133