2 0.215116 0.309554 0.057940 0.091048
2 0.882843 0.315964 0.072584 0.109783
0 0.086220 0.299307 0.066393 0.102787
0 0.594259 0.319237 0.064903 0.100587
0 0.032299 0.276004 0.058240 0.090702
0 0.810444 0.267229 0.075483 0.094485
0 0.434591 0.255876 0.055869 0.078698
2 0.172937 0.241173 0.047623 0.069907
2 0.534198 0.325791 0.074080 0.091233
2 0.273183 0.276632 0.062700 0.100153
2 0.931376 0.304954 0.058034 0.091222
0 0.057735 0.227703 0.052446 0.083078
2 0.952242 0.266011 0.058483 0.086235
2 0.309950 0.313808 0.062450 0.093913
2 0.693031 0.328216 0.050107 0.069057