2 0.301614 0.513920 0.075837 0.070910
2 0.907342 0.548500 0.045858 0.062565
2 0.154291 0.551233 0.035204 0.041403
2 0.624843 0.579895 0.046651 0.056515
2 0.113484 0.533098 0.033226 0.040132
2 0.498302 0.255278 0.032647 0.043630
2 0.563799 0.242314 0.034086 0.042730
2 0.493434 0.182291 0.030602 0.045723
2 0.595419 0.195968 0.031639 0.046982
2 0.623863 0.538046 0.046307 0.055382
2 0.985432 0.534118 0.028557 0.068600
2 0.529883 0.186440 0.028315 0.036625
2 0.558577 0.190096 0.028879 0.045677
2 0.708597 0.542988 0.034230 0.037043