2 0.580916 0.256581 0.072340 0.072388
2 0.279109 0.384782 0.101084 0.096562
2 0.732591 0.239825 0.079469 0.078553
2 0.213665 0.280927 0.077075 0.081705
2 0.610305 0.393774 0.059043 0.081283
2 0.877112 0.240672 0.067629 0.081575
2 0.653495 0.280467 0.079063 0.079690
2 0.812869 0.235499 0.057249 0.063558
2 0.562573 0.497544 0.099883 0.078023
2 0.548796 0.397763 0.106443 0.103513
2 0.366649 0.219089 0.055733 0.061542
2 0.055086 0.262358 0.059639 0.067543
2 0.442269 0.367121 0.079174 0.078167
2 0.931093 0.247430 0.068526 0.065338
2 0.479889 0.213590 0.051033 0.053252