2 0.174163 0.390842 0.087062 0.151767
2 0.452613 0.355143 0.081892 0.146213
2 0.262425 0.354895 0.085124 0.145127
2 0.611401 0.204513 0.083145 0.129342
2 0.787349 0.271756 0.085053 0.137767
2 0.974553 0.415827 0.052934 0.152160
2 0.328107 0.184483 0.081655 0.105125
2 0.438284 0.075014 0.051926 0.074248
2 0.710249 0.157061 0.085701 0.134333
2 0.259585 0.212026 0.074107 0.102368
2 0.486868 0.310372 0.077329 0.116532
2 0.963523 0.310834 0.070109 0.125058
2 0.280830 0.247861 0.078807 0.107477
2 0.501954 0.186599 0.073024 0.104905