2 0.404502 0.579532 0.059593 0.120365
0 0.585949 0.587708 0.113580 0.160133
0 0.671660 0.535346 0.068436 0.059115
0 0.828615 0.574943 0.077465 0.123508
0 0.348066 0.591630 0.096536 0.148225
2 0.432222 0.533855 0.084099 0.109048
0 0.129785 0.558612 0.085675 0.126225
2 0.918180 0.574112 0.069179 0.103175
2 0.761430 0.512039 0.045595 0.067000
2 0.802401 0.535016 0.053355 0.075092
2 0.487168 0.537293 0.059999 0.095120
2 0.908744 0.503696 0.046157 0.064992
2 0.716701 0.515256 0.045895 0.064230
2 0.567246 0.502649 0.052179 0.058910
2 0.945337 0.500320 0.047340 0.065915