2 0.472883 0.375617 0.067085 0.098308
2 0.449313 0.238176 0.053837 0.080803
2 0.526416 0.264755 0.058294 0.082270
2 0.201725 0.278451 0.049329 0.078968
2 0.902007 0.304718 0.066523 0.083035
2 0.120512 0.252209 0.048749 0.069358
2 0.327796 0.245164 0.050996 0.079330
2 0.017962 0.407226 0.036663 0.137870
2 0.221546 0.251709 0.042759 0.068918
2 0.496833 0.467030 0.056250 0.073660
2 0.360159 0.184777 0.050688 0.070575
2 0.367569 0.235308 0.046162 0.063033
2 0.796122 0.283859 0.063435 0.080020
2 0.692489 0.275825 0.049903 0.066898
0 0.167330 0.242945 0.042717 0.066852
2 0.960989 0.309171 0.055304 0.080492