2 0.035142 0.619733 0.068936 0.145013
2 0.304236 0.340809 0.049543 0.070417
2 0.442200 0.370046 0.057256 0.080578
2 0.893548 0.493071 0.054987 0.082573
2 0.657796 0.415300 0.062479 0.078690
2 0.662245 0.330746 0.043225 0.053805
2 0.073092 0.293529 0.045109 0.065245
2 0.604617 0.378041 0.052125 0.072752
2 0.711382 0.290699 0.034540 0.045632
2 0.781692 0.327765 0.039511 0.048102
0 0.320981 0.275969 0.048354 0.064318
2 0.393709 0.241481 0.035131 0.045393
0 0.694890 0.519147 0.085724 0.110402
0 0.166243 0.376458 0.073393 0.101298
0 0.125006 0.315858 0.061572 0.082102
2 0.929338 0.493357 0.045645 0.085237
2 0.538380 0.258425 0.040458 0.051477
0 0.586596 0.261733 0.034665 0.045695
2 0.504773 0.243316 0.030838 0.043803
0 0.854735 0.320400 0.043103 0.056260