0 0.649540 0.473843 0.072249 0.097533
0 0.514274 0.410802 0.070672 0.107390
0 0.769499 0.393259 0.070519 0.100345
0 0.155317 0.324413 0.060852 0.083965
0 0.716758 0.465956 0.059547 0.088768
0 0.247828 0.380388 0.067522 0.096398
0 0.260357 0.297327 0.062014 0.081125
0 0.717239 0.312110 0.054768 0.078315
0 0.676038 0.382537 0.063421 0.084962
0 0.567628 0.297401 0.056678 0.077513
0 0.346453 0.403902 0.067499 0.096033
0 0.429670 0.366585 0.062663 0.081423
0 0.890317 0.309222 0.052869 0.067320
0 0.939753 0.368469 0.060384 0.090368
0 0.017487 0.347962 0.035285 0.065633
0 0.591821 0.359814 0.059349 0.091147
0 0.447256 0.315833 0.061313 0.074608