0 0.531097 0.129885 0.041955 0.058558
0 0.597685 0.329998 0.046394 0.062438
0 0.711715 0.393376 0.049634 0.070763
0 0.324116 0.849487 0.060655 0.084292
0 0.778506 0.155312 0.043534 0.059222
0 0.747518 0.645573 0.050040 0.070460
0 0.674471 0.136745 0.044692 0.060315
0 0.351395 0.498611 0.051221 0.070715
0 0.242198 0.322201 0.045657 0.063737
0 0.622083 0.534492 0.052323 0.069790
0 0.433318 0.367113 0.047167 0.064677
0 0.585105 0.107525 0.044907 0.060518
0 0.397271 0.221295 0.045651 0.061128
0 0.273690 0.565039 0.055666 0.080135
0 0.920696 0.724781 0.056816 0.079110
0 0.595109 0.428966 0.049299 0.064268
0 0.863763 0.803625 0.059409 0.081725
0 0.309639 0.402209 0.051572 0.066363
0 0.590551 0.654041 0.052527 0.072273
0 0.576693 0.261275 0.043885 0.061272
0 0.374072 0.698435 0.055717 0.076755
0 0.433883 0.452070 0.048341 0.065328
0 0.781116 0.525775 0.054890 0.076428
0 0.428133 0.288328 0.047301 0.063163
0 0.225422 0.666765 0.053471 0.076497
0 0.410578 0.029417 0.043151 0.052610
0 0.443548 0.529497 0.051049 0.040821
0 0.823845 0.394824 0.046826 0.061867
0 0.482580 0.240324 0.047893 0.060975
0 0.805490 0.307778 0.050982 0.067403
0 0.353073 0.068656 0.041953 0.058315
0 0.035550 0.325599 0.043938 0.056183
0 0.307927 0.267757 0.041521 0.059953