0 0.449319 0.387486 0.061440 0.095518
0 0.332595 0.535122 0.067189 0.097373
0 0.958511 0.762576 0.063621 0.104700
0 0.487862 0.292346 0.059094 0.085948
0 0.309778 0.251343 0.063598 0.087068
0 0.139305 0.480173 0.066395 0.105345
0 0.218822 0.372871 0.065504 0.096427
0 0.815999 0.562149 0.065884 0.099847
0 0.434441 0.203196 0.061082 0.080993
0 0.566409 0.485579 0.053600 0.078678
0 0.742458 0.488375 0.067067 0.102770
0 0.507859 0.670758 0.063246 0.094587
0 0.426979 0.114581 0.057968 0.083592
0 0.687035 0.369744 0.058083 0.087927
0 0.282969 0.145073 0.060765 0.088650
0 0.496716 0.040267 0.062592 0.073952
0 0.069049 0.565567 0.068051 0.109115
0 0.877265 0.677976 0.064289 0.099628
0 0.610388 0.236463 0.063914 0.086427
0 0.188990 0.268812 0.060590 0.091610