0 0.577758 0.385117 0.066122 0.092510
0 0.807568 0.447001 0.096372 0.149800
0 0.476273 0.388658 0.047431 0.065868
0 0.725767 0.402968 0.047912 0.080637
0 0.928078 0.425958 0.122186 0.183815
0 0.365628 0.409146 0.049900 0.066183
0 0.186954 0.370782 0.063039 0.082442
0 0.863159 0.404591 0.049888 0.082825
0 0.364327 0.354553 0.045810 0.053543
0 0.759029 0.412061 0.048383 0.080290
0 0.781032 0.361683 0.048740 0.048697
0 0.122268 0.367239 0.037665 0.055502
0 0.092367 0.338308 0.033235 0.045315
0 0.015331 0.351667 0.030332 0.055762