0 0.431860 0.421082 0.042095 0.055465
0 0.333792 0.418508 0.040822 0.055418
0 0.376038 0.404908 0.046473 0.054608
0 0.553501 0.413726 0.041400 0.054822
0 0.128956 0.414667 0.041446 0.056880
0 0.728160 0.417910 0.034625 0.052968
0 0.646598 0.415048 0.036611 0.050795
0 0.453838 0.387019 0.037873 0.052503
0 0.764497 0.412685 0.034423 0.050593
0 0.817288 0.421804 0.040240 0.054143
0 0.508045 0.411240 0.040897 0.062435
0 0.035961 0.405656 0.040572 0.057993
0 0.944443 0.420811 0.048780 0.061588
0 0.085815 0.422785 0.037301 0.049177
0 0.233184 0.418804 0.044425 0.064850
0 0.676512 0.406263 0.037146 0.050408
0 0.251184 0.417980 0.031876 0.051652
0 0.619446 0.417208 0.040438 0.064965
0 0.797847 0.396849 0.030790 0.042340