0 0.815114 0.302273 0.060688 0.089678
0 0.753661 0.287995 0.048475 0.065120
0 0.137898 0.211146 0.039231 0.054995
0 0.614490 0.269587 0.057908 0.079443
0 0.717724 0.240374 0.039106 0.055128
0 0.093597 0.203652 0.037445 0.053363
0 0.405582 0.318482 0.071062 0.115942
0 0.506184 0.245695 0.042713 0.062173
0 0.385921 0.231299 0.042452 0.056593
0 0.961997 0.363061 0.075122 0.156147
0 0.671842 0.193098 0.041089 0.047807
0 0.941547 0.253752 0.043540 0.057750
0 0.803737 0.248001 0.046357 0.047488
0 0.433613 0.228777 0.041959 0.054362
0 0.277804 0.227715 0.040841 0.058092
0 0.191124 0.213239 0.039958 0.050408