0 0.426267 0.557394 0.048006 0.070608
0 0.074402 0.545712 0.054970 0.080418
0 0.772389 0.548008 0.050797 0.074200
0 0.497123 0.554095 0.052716 0.075285
0 0.627880 0.582389 0.047232 0.070168
0 0.349357 0.552323 0.048839 0.070207
0 0.664794 0.560476 0.046330 0.060185
0 0.958706 0.583185 0.054800 0.072417
0 0.850008 0.575948 0.047326 0.070202
0 0.534227 0.566879 0.044849 0.063435
0 0.246407 0.548457 0.043533 0.057740
0 0.188958 0.549371 0.051150 0.072733
0 0.306190 0.559740 0.047223 0.066422
0 0.625745 0.530452 0.044146 0.054235