0 0.222725 0.509954 0.054222 0.093063
0 0.126693 0.512445 0.055822 0.079415
0 0.689843 0.533432 0.056809 0.075615
0 0.329786 0.528052 0.060746 0.081512
0 0.416322 0.558792 0.046953 0.070048
0 0.789311 0.543553 0.052222 0.076535
0 0.279851 0.492950 0.055139 0.096282
0 0.621046 0.556362 0.048902 0.081177
0 0.376718 0.545697 0.039147 0.066343
0 0.083970 0.538485 0.052153 0.077632
0 0.747462 0.537226 0.051376 0.080735
0 0.028343 0.526754 0.050746 0.074627
0 0.538210 0.453897 0.062389 0.082277
0 0.482761 0.524842 0.063033 0.089188
0 0.188172 0.523153 0.045921 0.078722
0 0.558279 0.427724 0.063664 0.087352