0 0.798061 0.403607 0.141712 0.217012
0 0.456574 0.290033 0.094839 0.162843
0 0.214058 0.565233 0.195680 0.300437
0 0.304244 0.180682 0.061563 0.086855
0 0.207520 0.228028 0.080681 0.120310
0 0.103948 0.162205 0.062652 0.086957
0 0.708618 0.187139 0.060367 0.088310
0 0.773298 0.148082 0.045068 0.061243
0 0.531506 0.174294 0.058296 0.078432
0 0.418830 0.136778 0.047928 0.059157
0 0.205354 0.100237 0.044001 0.053830
0 0.514213 0.113433 0.037597 0.055617
0 0.095793 0.330163 0.118752 0.182815
0 0.673033 0.134848 0.036248 0.045905
0 0.505624 0.254607 0.069010 0.123048