0 0.664911 0.577205 0.067055 0.083053
0 0.937363 0.450804 0.048141 0.070927
0 0.488882 0.602334 0.077113 0.126702
0 0.349958 0.547385 0.058740 0.082890
0 0.778643 0.932982 0.117513 0.130817
0 0.050556 0.575046 0.075299 0.091925
0 0.976249 0.511677 0.048653 0.079377
0 0.318690 0.653520 0.078668 0.133960
0 0.205160 0.613021 0.059381 0.092937
0 0.227122 0.538408 0.048665 0.069882
0 0.949185 0.331737 0.050625 0.071492
0 0.887495 0.340805 0.050734 0.061163
0 0.937897 0.714457 0.097565 0.146418
0 0.716996 0.625815 0.065721 0.105102