0 0.786516 0.445974 0.103886 0.148877
0 0.870318 0.401675 0.095948 0.130482
0 0.225838 0.411847 0.059408 0.080123
0 0.712495 0.422678 0.051256 0.067848
0 0.938397 0.423412 0.061670 0.082130
0 0.284632 0.409286 0.056577 0.072265
0 0.437792 0.428055 0.075476 0.095030
0 0.533568 0.415598 0.070388 0.084097
0 0.085260 0.446427 0.058779 0.070098
0 0.354779 0.435217 0.041273 0.056497
0 0.189032 0.435383 0.045578 0.063903
0 0.387162 0.434721 0.038311 0.051447
0 0.629486 0.427005 0.035310 0.047240
0 0.984745 0.424019 0.030590 0.063593
0 0.649155 0.417688 0.031203 0.043040