0 0.680939 0.302881 0.055755 0.088338
0 0.407937 0.313821 0.048521 0.078713
0 0.848865 0.297059 0.074685 0.127075
0 0.792540 0.276350 0.067611 0.129810
0 0.642850 0.308316 0.048203 0.078100
0 0.124000 0.261537 0.029917 0.043882
0 0.287111 0.297140 0.042697 0.068220
0 0.374597 0.306145 0.045170 0.076462
0 0.197774 0.291455 0.035981 0.045903
0 0.618288 0.286813 0.039052 0.066412
0 0.063176 0.307997 0.032304 0.044990
0 0.252061 0.297782 0.038402 0.057427
0 0.459544 0.302669 0.044288 0.060363
0 0.314737 0.287097 0.032144 0.047955