0 0.490012 0.524416 0.063083 0.092972
0 0.280658 0.593438 0.092427 0.139698
0 0.770093 0.538647 0.063787 0.084378
0 0.756159 0.757107 0.101053 0.148453
0 0.754189 0.445879 0.062526 0.077302
0 0.397628 0.822710 0.112427 0.190963
0 0.696954 0.362832 0.051171 0.061697
0 0.215042 0.427240 0.073563 0.088935
0 0.135607 0.409277 0.056556 0.081455
0 0.706335 0.692076 0.085069 0.151277
0 0.557389 0.631613 0.084228 0.129950
0 0.038491 0.568335 0.069381 0.103208
0 0.841404 0.404018 0.055059 0.070047
0 0.306087 0.389543 0.051178 0.064472
0 0.872658 0.469893 0.053111 0.076283
0 0.046750 0.372237 0.049301 0.073372
0 0.623378 0.403497 0.055791 0.065093
0 0.414061 0.405276 0.045043 0.065557
0 0.541624 0.456378 0.050386 0.070772
0 0.964762 0.412895 0.060951 0.101132
0 0.348484 0.492864 0.053965 0.073145