0 0.619373 0.383729 0.066668 0.099652
0 0.719166 0.395905 0.069218 0.100188
0 0.394892 0.379304 0.062031 0.089987
0 0.661545 0.292239 0.079938 0.107535
0 0.828238 0.405373 0.093768 0.125405
0 0.491354 0.396271 0.068834 0.094407
0 0.281072 0.383917 0.054158 0.079533
0 0.414206 0.316384 0.052402 0.070400
0 0.914078 0.352810 0.090882 0.131863
0 0.181340 0.401648 0.055119 0.077610
0 0.446274 0.174903 0.067278 0.097240
0 0.366257 0.310330 0.050692 0.071928
0 0.564167 0.366683 0.068733 0.095452
0 0.234443 0.318350 0.054416 0.078428
0 0.217920 0.400602 0.046119 0.066060
0 0.311465 0.316307 0.056818 0.077403
0 0.102638 0.398770 0.055993 0.074362