0 0.696026 0.279470 0.069139 0.109388
0 0.085045 0.525116 0.115624 0.190702
0 0.840775 0.237843 0.072102 0.099462
0 0.329502 0.394905 0.052904 0.118815
0 0.455144 0.373000 0.072825 0.113052
0 0.585510 0.235011 0.060753 0.090897
0 0.929406 0.172638 0.061104 0.095305
0 0.305312 0.398691 0.096217 0.129328
0 0.288672 0.402450 0.062373 0.123177
0 0.295706 0.752823 0.139332 0.232342
0 0.742413 0.191766 0.058645 0.085310
0 0.453470 0.180206 0.054941 0.075860
0 0.898036 0.381945 0.087768 0.148450
0 0.451158 0.278064 0.067653 0.092338
0 0.625274 0.082883 0.048293 0.064057
0 0.531053 0.087456 0.045355 0.059435
0 0.363215 0.180024 0.052659 0.077077
0 0.290567 0.244588 0.061264 0.081583
0 0.298840 0.186243 0.056373 0.064725
0 0.169630 0.306451 0.077752 0.109528