0 0.846529 0.234358 0.068126 0.113202
0 0.405380 0.233001 0.063584 0.092163
0 0.334061 0.195315 0.055646 0.085872
0 0.903820 0.259269 0.074554 0.098553
0 0.280590 0.152531 0.045742 0.062120
0 0.473610 0.128213 0.047039 0.062610
0 0.654322 0.119951 0.054052 0.090490
0 0.214340 0.085395 0.043567 0.061385
0 0.108439 0.173323 0.046188 0.058712
0 0.231581 0.245660 0.068504 0.098370
0 0.579619 0.103723 0.043657 0.066883
0 0.178609 0.247919 0.059910 0.096290
0 0.515610 0.105830 0.053966 0.072763
0 0.264578 0.096943 0.038799 0.051947
0 0.642628 0.265036 0.076356 0.125555
0 0.050480 0.191403 0.057694 0.071007